2239
2242
2243
2244
2245
2246
2247
2248
2249
2250
2251
2252
2253
2254
2255
2256
2257
2258
2259
2260
2261
2262
2263
2264
2265
2266
2267
2268
2269
2270
2271
2272
2273
2274
2275
2276
2277
2278
2279
2280
2281
2282
2283
2284
2285
2286
2287
2288
2289
2290
2291
2292
2293
2294
2295
2296
2297
2298
2299
2300
2302
2303
2304
2305
2306
2307
2308
2309
2310
2311
2312
2313
2314
2315
2316
2317
2318
2319
2320
2322
2323
2324
2325
2326
2327
2328
2329
2330
2331
2332
2333
2334
2335
2336
2337
2338
2339
2340
2341
2342
2343
2344
2345
2346
2347
2348
2349
2350
2351
2352
2353
2354
2355
2356
2357
2358
2359
2360
2361
2362
2363
2364
2366
2367
2368
2369
2370
2371
2372
2373
2374
2375
2376
2377
2378
2379
2380
2381
2382
2383
2384
2385
2386
2387
2389
2390
2391
2392
2393
2394
2395
2396
2397
2398
2399
2400
2401
2402
2403
2404
2405
2406
2407
2408
2409
2410
2411
2412
2413
2414
2415
2417
2418
2419
2420
2421
2422
2423
2424
2425
2426
2427
2428
2429
2430
2431
2432
2433
2434
2435
2436
2437
2438
2439
2440
2441
2442
2443
2444
2445
2446
2447
2448
2449
2450
2451
2454
2455
2456
2457
2458
2459
2460
2461
2462
2463
2464
2465
2466
2467
2468
2469
2470
2471
2472
2473
2474
2475
2476
2477
2478
2479
2480
2482
2483
2484
2485
2486
2487
2488
2489
2490
2492
2493
2494
2495
2496
2497
2498
2499
2500
2501
2502
2503
2505
2506
2507
2508
2509
2510
2511
2512
2514
2515
2517
2518
2519
2520
2521
2522
2523
2525
2526
2527
2528
2529
2530
2531
2532
2533
2534
2535
2537
2538
2539
2540
2541
2542
2543
2544
2545
2546
2547
2548
2549
2550
2551
2552
2553
2554
2555
2556
2557
2558
2559
2560
2561
2562
2563
2564
2565
2566
2567
2568
2569
2570
2571
2572
2573
2574
2575
2576
2577
2578
2579
2580
2581
2582
2583
2584
2585
2586
2588
2589
2590
2591
2592
2593
2594
2595
2596
2598
2599
2600
2601
2602
2603
2604
2605
2606
2607
2608
2609
2610
2611
2612
2613
2614
2615
2616
2617
2618
2619
2620
2621
2622
2623
2624
2625
2626
2627
2628
2629
2630
2631
2632
2633
2634
2635
2636
2637
2638
2639
2640
2641
2642
2643
2644
2645
2646
2647
2648
2649
2650
2651
2652
2653
2654
2655
2656
2657
2658
2659
2660
2661
2662
2663
2664
2665
2666
2667
2668
2669
2670
2671
2672
2673
2674
2675
2676
2677
2678
2679
2680
2681
2682
2683
2684
2685
2686
2687
2688
2689
2690
2691
2692
2693
2694
2695
2696
2697
2698
2699
2700
2701
2702
2703
2704
2705
2706
2707
2708
2709
2710
2711
2712
2713
2714
2715
2716
2717
2718
2719
2720
2721
2722
2723
2724
2725
2726
2727
2728
2729
2730
2731
2732
2733
2734
2735
2736
2737
2738
2739
2740
2741
2742
2743
2744
2745
2746
2747
2748
2749
2750
2751
2752
2775
2776
2777
2778
2779
2780
2781
2782
2783
2784
2785
2786
2787
2788
2789
2790
2791
2792
2793
2795
2796
2797
2798
2799
2800
2801
2802
2803
2804
2805
2806
2807
2808
2809
2810
2811
2812
2813
2814
2815
2816
2817
2818
2819
2820
2821
2822
2823
2824
2825
2826
2827
2828
2829
2830
2831
2832
2833
2834
2835
2836
2837
2838
2839
2840
2841
2842
2843
2844
2845
2846
2847
2848
2849
2850
2851
2852
2853
2854
2855
2856
2857
2858
2859
2860
2861
2862
2863
2864
2865
2866
2867
2868
2869
2870
2871
2872
2873
2874
2875
2876
2877
2878
2879
2880
2881
2882
2883
2884
2885
2886
2887
2888
2889
2890
2891
2903
2904
2905
2906
2907
2908
2909
2910
2911
2912
2913
2914
2915
2916
2917
2918
2919
2920
2921
2922
2923
2924
2925
2926
2927
2928
2929
2930
2931
2932
2933
2934
2935
2936
2937
2938
2939
2940
2941
2942
2943
2944
2945
2946
2947
2948
2949
2950
2951
2952
2953
2954
2955
2956
2957
2958
2959
2960
2961
2962
2963
2964
2965
2966
2967
2968
2969
2970
2971
2972
2973
2974
2975
2976
2977
2978
2979
2980
2981
2982
2983
2984
2985
2986
2987
2988
2989
2990
2991
2992
2993
2994
2995
2996
2997
2998
2999
3000
3001
3002
3003
3004
3005
3006
3007
3008
3009
3010
3011
3012
3013
3014
3015
3016
3017
3018
3019
3020
3021
3022
3023
3024
3025
3026
3027
3028
3029
3030
3031
3032
3033
3035
3036
3037
3038
3039
3040
3041
3042
3043
3044
3045
3046
3047
3048
3049
3050
3051
3052
3053
3054
3055
3056
3057
3058
3059
3060
3061
3062
3063
3064
3065
3067
3068
3069
3070
3071
3072
3073
3074
3075
3076
3077
3078
3079
3080
3081
3082
3083
3084
3085
3086
3087
3088
3089
3090
3091
3092
3093
3094
3095
3096
3097
3098
3099
3100
3101
3102
3103
3104
3105
3106
3107
3108
3109
3110
3111
3112
3113
3114
3116
3117
3118
3119
3120
3121
3122
3123
3124
3125
3126
3127
3128
3129
3130
3131
3132
3133
3134
3135
3136
3137
3138
3139
3140
3141
3142
3143
3144
3145
3146
3147
3148
3149
3150
3151
3152
3153
3154
3155
3156
3157
3158
3159
3160
3161
3162
3163
3164
3165
3166
3167
3168
3169
3170
3171
3172
3173
3174
3175
3176
3177
3178
3179
3180
3181
3182
3183
3184
3185
3186
3187
3188
3189
3190
3191
3192
3195
3196
3197
3199
3200
3201
3202
3203
3204
3205
3206
3207
3208
3209
3210
3211
3212
3213
3214
3216
3217
3218
3219
3220
3221
3222
3223
3224
3225
3226
3227
3229
3230
3231
3232
3233
3234
3235
3237
3238
3239
3241
3242
3243
3244
3245
3246
3247
3248
3249
3250
3251
3252
3253
3254
3255
3256
3257
3258
3259
3260
3261
3262
3263
3264
3265
3266
3267
3268
3269
3270
3271
3272
3273
3274
3275
3276
3277
3278
3279
3280
3281
3282
3283
3284
3285
3286
3287
3288
3289
3290
3291
3292
3293
3294
3295
3296
3298
3299
3300
3301
3302
3303
3304
3306
3307
3308
3309
3310
3311
3312
3313
3314
3315
3316
3317
3318
3319
3320
3321
3322
3323
3324
3325
3326
3327
3328
3329
3330
3331
3332
3333
3334
3335
3336
3337
3338
3339
3340
3341
3342
3343
3344
3345
3346
3347
3348
3349
3350
3351
3353
3355
3356
3357
3358
3359
3360
3361
3362
3363
3364
3365
3366
3367
3368
3369
3370
3371
3372
3373
3374
3375
3376
3377
3378
3379
3380
3381
3382
3383
3384
3385
3386
3388
3389
3390
3391
3392
3399
3400
3401
3402
3403
3404
3405
3406
3407
3408
3409
3410
3411
3412
3413
3414
3415
3416
3417
3418
3419
3420
3421
3422
3423
3424
3426
3427
3428
3429
3430
3431
4549
4550
4551
4552
4553
4554
4555
4556
4557
4558
4559
4560
4562
4563
4564
4565
4566
4568
4569
4570
4571
4572
4573
4574
4575
4576
4577
4578
4579
4580
4581
4582
4583
4585
4587
4588
4589
4591
4592
4593
4594
4595
4596
4597
4598
4599
4600
4601
4602
4603
4604
4605
4606
4607
4608
4609
4610
4611
4612
4613
4614
4615
4616
4617
4618
4619
4620
4621
4623
4624
4625
4626
4627
4628
4629
4630
4631
4632
4633
4634
4635
4636
4637
4638
4639
4640
4641
4642
4643
4644
4645
4646
4647
4648
4649
4650
4651
4652
4653
4654
4655
4656
4657
4658
4659
4660
4661
4662
4663
4664
4665
4666
4667
4668
4669
4670
4671
4672
4673
4674
4675
4676
4677
4678
4679
4680
4681
4682
4683
4684
4685
4686
4687
4688
4689
4690
4691
4692
4693
4694
4695
4696
4697
4698
4699
4700
4701
4702
4703
4704
4705
4706
4707
4708
4709
4710
4711
4712
4713
4714
4715
4716
4717
4718
4719
4720
4721
4722
4723
4724
4725
4726
4727
4728
4729
4731
4732
4733
4734
4735
4736
4737
4738
4739
4740
4741
4742
4743
4744
4745
4746
4747
4748
4749
4750
4751
4752
4753
4754
4755
4756
4757
4758
4759
4760
4761
4762
4763
4764
4765
4766
4767
4768
4769
4770
4771
4772
4773
4775
4776
4777
4779
4780
4781
4782
4783
4784
4785
4786
4787
4788
4789
4790
4791
4792
4793
4869
4870
4871
4872
4873
4874
4875
4876
4877
4878
4879
4880
4881
4882
4883
4884
4885
4886
4887
4889
4890
4891
4892
4893
4894
4895
4896
4897
4918
4919
4920
4921
4922
4923
4924
4925
4926
4927
4928
4930
4931
4932
4933
4935
4936
4937
4938
4939
4940
4941
4942
4943
4944
4945
4946
4947
4948
4949
4950
4951
4952
4953
4955
4956
4957
4958
4959
4960
4961
4962
4963
4964
4965
4966
4967
4969
5060
5062
5063
5064
5065
5066
5067
5068
5069
5070
5071
5072
5073
5074
5076
5077
5078
5079
5080
5081
5082
5083
5084
5085
5086
5087
5088
5089
5090
5091
5092
5093
5094
5095
5096
5097
5098
5099
5100
5101
5102
5103
5104
5105
5306
5355
5356
5357
5358
5359
5360
5361
5362
5363
5364
5365
5366
5367
5368
5369
5370
5371
5372
5373
5374
5375
5376
5377
5378
5379
5380
5381
5382
5383
5384
5385
5386
5387
5388
5389
5390
5391
5392
5393
5394
5395
5396
5397
5398
5399
5400
5401
5402
5403
5404
5405
5406
5407
5409
5410
5411
5412
5413
5414
5415
5416
5417
5418
5419
5420
5421
5422
5423
5424
5425
5427
5428
5429
5430
5431
5432
5433
5436
5437
5438
5439
5440
5441
5442
5443
5445
5446
5447
5448
5449
5450
5451
5452
5453
5454
5455
5456
5457
5459
5460
5461
5463
5464
5465
5466
5467
5468
5469
5470
5471
5472
5474
5475
5476
5477
5478
5479
5480
5481
5482
5483
5484
5485
5486
5487
5488
5489
5490
5491
5492
5493
5494
5495
5496
5498
5499
5500
5501
5502
5503
5504
5505
5506
5507
5508
5509
5510
5511
5512
5513
5514
5515
5516
5517
5518
5519
5520
5521
5523
5525
5526
5527
5528
5529
5530
5531
5532
5533
5534
5536
5537
5538
5539
5540
5541
5542
5543
5544
5545
5546
5547
5548
5549
5551
5552
5553
5554
5555
5556
5557
5558
5559
5560
5561
5563
5564
5565
5566
5567
5568
5569
5570
5572
5574
5575
5576
5577
5578
5579
5580
5581
5583
5584
5585
5586
5587
5588
5589
5590
5592
5593
5594
5596
5597
5598
5599
5600
5601
5602
5603
5604
5605
5606
5607
5608
5609
5610
5697
5698
5707
5727
5739
5798
5800
5811
5841
5858
5868
5892
5893
5895
5896
5897
5898
5899
5900
5901
5902
5903
5904
5905
5906
5907
5908
5909
5910
5911
5912
5913
5914
5915
5916
5917
5918
5919
5920
5921
5922
5923
5924
5925
5926
5927
5928
5929
5930
5931
5932
5933
5934
5935
5936
5937
5938
5939
5940
5941
5942
5943
5944
5945
5946
5947
5948
5949
5950
5951
5952
5953
5954
5955
5956
5957
5958
5959
5960
5961
5962
5963
5964
5965
5966
5967
5968
5969
5970
5971
5972
5973
5974
5975
5976
5977
5978
5979
5980
5981
5982
5983
5984
5985
5986
5987
5988
5989
5990
5991
5992
5993
5994
5995
5996
5997
5998
5999
6000
6001
6002
6003
6004
6005
6006
6007
6008
6009
6010
6011
6012
6014
6015
6016
6017
6018
6019
6020
6021
6022
6023
6024
6025
6027
6028
6031
6032
6033
6034
6035
6036
6037
6038
6039
6040
6041
6042
6043
6044
6045
6046
6047
6048
6049
6050
6052
6053
6054
6055
6057
6058
6059
6060
6061
6062
6063
6065
6066
6067
6068
6069
6070
6071
6072
6073
6074
6075
6076
6077
6078
6135
6136
6137
6138
6139
6140
6141
6142
6143
6144
6145
6146
6147
6148
6149
6150
6151
6152
6153
6154
6155
6156
6157
6158
6159
6160
6161
6162
6163
6164
6165
6166
6167
6168
6169
6170
6171
6172
6173
6174
6175
6176
6177
6178
6179
6180
6181
6182
6183
6184
6185
6186
6187
6188
6190
6191
6192
6193
6194
6195
6196
6197
6198
6199
6200
6201
6202
6203
6204
6205
6206
6207
6208
6209
6210
6211
6212
6213
6214
6215
6216
6217
6218
6219
6220
6221
6222
6223
6224
6225
6226
6227
6228
6229
6230
6231
6232
6233
6234
6235
6236
6237
6238
6239
6240
6241
6242
6243
6244
6245
6246
6247
6248
6249
6280
6281
6282
6283
6285
6286
6446
6447
6448
6449
6450
6451
6452
6453
6454
6455
6456
6457
6458
6459
6461
6464
6465
6466
6469
6470
6471
6472
6473
6474
6475
6476
6477
6478
6479
6480
6481
6482
6483
6484
6485
6486
6487
6488
6489
6490
6491
6492
6493
6494
6495
6496
6497
6498
6499
6500
6501
6502
6503
6504
6505
6506
6507
6508
6509
6510
6511
6512
6513
6514
6515
6517
6518
6519
6520
6521
6522
6523
6524
6525
6526
6527
6528
6529
6530
6531
6532
6533
6534
6535
6536
6537
6538
6539
6540
6541
6542
6543
6544
6545
6546
6547
6548
6549
6550
6551
6552
6553
6554
6555
6556
6557
6558
6559
6560
6561
6562
6563
6564
6565
6566
6567
6568
6569
6570
6571
6572
6573
6574
6575
6576
6577
6578
6581
6583
6584
6585
6586
6587
6588
6589
6590
6591
6592
6593
6594
6595
6596
6597
6598
6599
6600
6601
6602
6603
6604
6605
6606
6607
6608
6609
6610
6611
6612
6613
6614
6615
6616
6617
6618
6619
6620
6621
6622
6623
6624
6625
6626
6627
6628
6629
6630
6631
6632
6633
6634
6635
6636
6637
6638
6639
6640
6641
6642
6643
6644
6645
6646
6647
6648
6649
6650
6651
6652
6653
6664
6829
6871
6872
6873
6874
6875
6876
6877
6878
6879
6880
6881
6882
6883
6884
6885
6886
6887
6888
6889
6890
6891
6892
6893
6894
6895
6896
6897
6898
6899
6900
6901
6902
6903
6904
6905
6906
6907
6908
6909
6910
6911
6912
6913
6914
6915
6916
6917
6918
6919
6920
6921
6922
6923
6924
6925
6926
6927
6928
6929
6930
6931
6932
6933
6934
6935
6936
6937
6938
6939
6940
6941
6942
6943
6944
6945
6946
6947
6948
6949
6950
6951
6952
6953
6954
6955
6956
6957
6958
6959
6960
6961
6962
6963
6964
6965
6966
6967
6968
6969
6970
6971
6972
6973
6974
6975
6976
6977
6978
6979
6980
6981
6982
6983
6984
6985
6986
6987
6988
6989
6990
6991
6992
6993
6995
6996
6997
6998
7000
7001
7002
7003
7004
7005
7006
7008
7009
7010
7011
7012
7013
7014
7015
7016
7017
7018
7020
7021
7022
7023
7024
7025
7026
7027
7028
7029
7030
7031
7032
7033
7034
7035
7036
7037
7038
7039
7040
7041
7042
7043
7044
7045
7046
7047
7048
7049
7050
7051
7052
7053
7054
7055
7056
7057
7058
7059
7060
7061
7062
7063
7064
7065
7066
7067
7068
7069
7070
7071
7072
7073
7074
7075
7076
7077
7078
7079
7080
7081
7082
7083
7084
7085
7086
7087
7088
7089
7090
7091
7092
7093
7094
7095
7096
7097
7098
7099
7100
7101
7102
7103
7104
7105
7106
7107
7108
7109
7111
7112
7113
7114
7115
7116
7117
7118
7119
7120
7121
7122
7123
7124
7125
7126
7127
7128
7129
7130
7131
7132
7133
7134
7135
7136
7137
7138
7139
7140
7141
7142
7143
7144
7145
7146
7147
7148
7149
7150
7151
7152
7153
7154
7155
7156
7157
7158
7159
7160
7161
7162
7163
7164
7165
7166
7167
7168
7169
7170
7171
7172
7173
7174
7176
7177
7178
7179
7180
7181
7182
7183
7184
7185
7186
7187
7188
7189
7190
7191
7192
7193
7194
7195
7196
7197
7198
7199
7200
7201
7202
7203
7205
7206
7207
7208
7209
7210
7211
7212
7213
7214
7215
7216
7217
7218
7219
7220
7221
7222
7223
7224
7225
7227
7228
7229
7230
7231
7232
7233
7234
7235
7236
7237
7238
7239
7240
7241
7242
7243
7244
7245
7246
7247
7248
7249
7250
7251
7252
7253
7254
7255
7256
7257
7258
7259
7260
7262
7263
7264
7265
7266
7267
7268
7269
7270
7271
7272
7273
7274
7275
7276
7277
7278
7279
7280
7281
7282
7283
7284
7285
7286
7287
7288
7289
7290
7291
7292
7293
7294
7295
7296
7297
7298
7299
7300
7301
7302
7303
7304
7305
7306
7307
7308
7309
7310
7311
7702
7763
7764
7765
7766
7767
7768
7769
7770
7771
7772
7773
7774
7775
7776
7777
7778
7779
7780
7781
7782
7783
7784
7785
7786
7788
7789
7790
7791
7792
7793
7794
7795
7796
7797
7798
7799
7800
7801
7802
7803
7804
7805
7806
7807
7808
7809
7810
7811
7812
7813
7814
7815
7816
7817
7818
7819
7820
7821
7822
7823
8007
8008
8009
8010
8011
8012
8013
8014
8015
8016
8020
8021
8022
8023
8024
8025
8026
8027
8028
8029
8030
8031
8032
8033
8034
8035
8036
8037
8038
8039
8040
8041
8042
8043
8044
8045
8046
8047
8048
8049
8050
8051
8052
8053
8054
8055
8056
8057
8058
8059
8060
8061
8062
8063
8064
8065
8066
8067
8068
8069
8070
8071
8072
8073
8074
8075
8076
8077
8078
8079
8080
8081
8082
8083
8084
8085
8086
8087
8088
8089
8090
8091
8092
8093
8094
8095
8096
8097
8098
8099
8100
8101
8102
8103
8104
8105
8106
8107
8108
8109
8110
8111
8112
8113
8114
8115
8116
8117
8118
8119
8120
8121
8122
8123
8124
8125
8126
8127
8128
8129
8130
8131
8132
8133
8134
8135
8136
8137
8138
8139
8140
8141
8142
8143
8144
8145
8146
8147
8148
8149
8150
8151
8152
8153
8154
8155
8156
8157
8158
8159
8160
8161
8162
8163
8164
8165
8166
8167
8168
8169
8170
8171
8172
8173
8174
8175
8176
8177
8178
8179
8180
8181
8182
8184
8185
8186
8187
8188
8189
8190
8191
8192
8193
8194
8195
8196
8197
8198
8199
8200
8201
8202
8203
8204
8205
8206
8207
8208
8209
8210
8211
8212
8213
8214
8215
8216
8217
8218
8219
8220
8221
8222
8223
8224
8225
8226
8227
8228
8229
8230
8231
8232
8233
8234
8235
8236
8237
8238
8239
8240
8241
8242
8243
8244
8245
8246
8247
8248
8249
8250
8251
8252
8254
8255
8256
8260
8261
8262
8263
8264
8266
8274
8275
8276
8277
8279
8280
8281
8289
8291
8292
8293
8294
8295
8296
8297
8298
8299
8300
8301
8302
8303
8304
8305
8306
8307
8308
8309
8310
8311
8312
8313
8314
8315
8316
8317
8318
8319
8320
8321
8322
8323
8324
8325
8326
8328
8331
8332
8333
8334
8335
8336
8337
8338
8339
8340
8341
8342
8343
8344
8345
8346
8347
8348
8349
8350
8351
8352
8353
8354
8355
8356
8357
8358
8359
8360
8361
8362
8363
8364
8365
8366
8367
8368
8369
8370
8371
8372
8375
8376
8389
8455
8456
8466
8469
8470
8474
8475
8476
8477
8480
8481
8482
8483
8484
8485
8486
8487
8488
8489
8490
8491
8492
8493
8494
8495
8496
8497
8498
8499
8500
8501
8502
8503
8504
8505
8506
8507
8508
8509
8510
8511
8512
8513
8514
8515
8516
8517
8518
8519
8520
8521
8522
8523
8524
8525
8526
8527
8529
8530
8531
8532
8533
8534
8535
8536
8537
8539
8540
8541
8542
8544
8545
8546
8547
8548
8549
8550
8551
8552
8553
8554
8555
8556
8557
8558
8559
8560
8561
8562
8563
8564
8565
8566
8567
8568
8569
8570
8571
8572
8573
8574
8575
8576
8577
8578
8579
8580
8581
8582
8583
8584
8585
8586
8587
8588
8589
8590
8591
8592
8593
8594
8595
8596
8597
8598
8599
8600
8601
8602
8603
8604
8605
8606
8607
8608
8609
8610
8611
8612
8613
8614
8615
8616
8617
8618
8619
8620
8621
8622
8623
8624
8625
8626
8627
8628
8629
8630
8631
8632
8633
8634
8635
8636
8637
8638
8639
8640
8641
8642
8643
8644
8646
8647
8648
8649
8651
8652
8653
8654
8655
8656
8657
8659
8660
8661
8662
8663
8664
8665
8666
8667
8668
8669
8670
8671
8672
8673
8674
8675
8676
8677
8678
8679
8680
8681
8682
8683
8684
8685
8687
8688
8689
8690
8691
8692
8693
8694
8696
8697
8698
8699
8700
8701
8702
8703
8704
8705
8706
8707
8708
8709
8710
8711
8712
8713
8714
8715
8716
8717
8718
8719
8720
8721
8722
8723
8724
8725
8726
8727
8728
8729
8730
8731
8732
8733
8734
8828
8895
8972
8975
8976
8977
8978
8979
8980
8981
8982
8983
8984
8985
8986
8987
8988
8989
8990
8991
8992
8993
8994
8995
8996
8997
8998
8999
9000
9001
9002
9003
9004
9005
9006
9007
9008
9009
9010
9011
9012
9013
9014
9015
9016
9017
9018
9020
9021
9022
9023
9024
9025
9026
9027
9028
9029
9030
9031
9032
9033
9034
9035
9037
9038
9039
9040
9041
9042
9043
9044
9045
9046
9047
9048
9049
9050
9051
9052
9053
9054
9055
9056
9057
9058
9059
9060
9061
9062
9063
9065
9066
9067
9068
9069
9070
9071
9072
9073
9074
9075
9076
9077
9078
9079
9080
9081
9082
9083
9084
9085
9086
9087
9088
9089
9090
9091
9092
9093
9094
9095
9096
9097
9098
9099
9100
9101
9102
9103
9104
9105
9106
9107
9108
9109
9110
9111
9112
9113
9114
9115
9116
9117
9118
9119
9120
9121
9122
9123
9124
9125
9126
9127
9128
9129
9130
9131
9132
9133
9134
9135
9136
9137
9138
9139
9140
9141
9142
9143
9144
9145
9146
9147
9148
9149
9150
9151
9152
9153
9154
9155
9156
9157
9158
9159
9160
9161
9162
9163
9164
9165
9166
9167
9168
9169
9170
9171
9172
9173
9174
9175
9176
9177
9178
9179
9180
9181
9182
9183
9184
9185
9186
9187
9188
9189
9190
9191
9192
9193
9194
9196
9197
9198
9199
9200
9201
9202
9203
9204
9205
9206
9207
9208
9692
9693
9698
9699
9700
9702
9800
9802
9805
9806
9809
9810
9813
9814
9815
9819
9820
9823
9824
9826
9829
9830
9833
9834
9837
9839
9840
9843
9844
9847
9848
9851
9853
9854
9857
9858
9859
9860
9861
9862
9868
9870
9872
9874
9876
9877
9879
9881
9883
9885
9887
9889
9891
9892
9895
9897
9899
9901
9902
9907
9911
9913
9915
9918
9919
9920
9923
9925
9927
10133
10135
10137
10138
10139
10140
10141
10142
10143
10144
10145
10146
10147
10148
10149
10150
10151
10152
10153
10154
10155
10156
10157
10158
10159
10160
10161
10162
10163
10164
10165
10166
10167
10168
10169
10170
10171
10172
10173
10174
10175
10176
10177
10178
10179
10180
10181
10182
10183
10184
10185
10186
10187
10188
10189
10190
10191
10192
10193
10194
10195
10196
10197
10198
10199
10200
10201
10202
10203
10204
10205
10206
10207
10208
10209
10210
10211
10212
10213
10214
10215
10216
10217
10218
10219
10220
10221
10222
10223
10224
10225
10226
10227
10228
10229
10230
10231
10232
10233
10234
10235
10236
10237
10238
10239
10240
10241
10242
10243
10244
10245
10246
10247
10248
10249
10250
10251
10252
10253
10254
10255
10256
10257
10258
10259
10260
10261
10262
10263
10264
10265
10266
10267
10268
10269
10270
10271
10272
10273
10274
10275
10276
10277
10279
10280
10281
10282
10283
10284
10285
10286
10287
10288
10289
10290
10291
10292
10293
10294
10295
10296
10297
10298
10299
10300
10302
10303
10304
10305
10306
10307
10308
10309
10310
10311
10312
10313
10314
10315
10316
10317
10318
10319
10320
10321
10322
10323
10324
10325
10326
10327
10328
10329
10330
10331
10332
10333
10334
10335
10336
10337
10338
10339
10340
10341
10342
10343
10344
10345
10346
10347
10348
10349
10350
10351
10352
10353
10354
10355
10356
10357
10358
10359
10360
10361
10362
10363
10364
10365
10366
10367
10368
10369
10370
10371
10372
10373
10374
10375
10376
10377
10378
10379
10380
10381
10382
10383
10384
10385
10386
10387
10476
10722
10723
10724
10725
10726
10732
10733
10734
10735
10736
10742
10744
10746
10748
10750
10752
10753
11008
11098
11100
11160
11161
11162
11163
11164
11165
11166
11167
11168
11169
11170
11171
11172
11173
11174
11175
11176
11177
11178
11179
11180
11181
11182
11183
11184
11185
11186
11187
11188
11189
11190
11191
11192
11193
11194
11195
11196
11197
11198
11199
11200
11201
11202
11203
11204
11205
11206
11207
11208
11209
11210
11211
11212
11213
11214
11215
11216
11217
11218
11219
11220
11221
11222
11223
11224
11225
11226
11227
11228
11229
11230
11231
11232
11233
11234
11235
11236
11237
11238
11239
11240
11241
11242
11243
11244
11245
11246
11247
11248
11249
11250
11251
11252
11253
11254
11255
11256
11257
11258
11259
11260
11261
11262
11263
11264
11265
11266
11267
11268
11269
11270
11271
11272
11273
11274
11275
11276
11277
11278
11279
11280
11281
11282
11283
11284
11285
11286
11287
11288
11289
11290
11291
11292
11293
11294
11295
11296
11297
11298
11299
11300
11301
11302
11303
11304
11305
11306
11307
11308
11309
11310
11311
11312
11313
11314
11315
11316
11317
11318
11319
11320
11321
11322
11323
11324
11325
11326
11327
11328
11329
11330
11331
11332
11333
11334
11335
11336
11337
11338
11339
11340
11341
11342
11343
11344
11345
11346
11347
11348
11349
11350
11351
11352
11353
11354
11355
11356
11357
11358
11359
11360
11361
11362
11363
11364
11365
11366
11367
11368
11369
11370
11371
11372
11373
11374
11375
11376
11377
11378
11379
11380
11381
11382
11383
11384
11385
11386
11387
11388
11389
11390
11391
11392
11393
11394
11395
11396
11397
11398
11399
11400
11401
11402
11403
11404
11405
11406
11453
11455
11457
11459
11461
11463
11465
11466
11467
11468
11469
11470
11471
11472
11473
11474
11475
11476
11477
11478
11481
11484
11486
11488
11517
11519
11521
11523
11525
11527
11529
11531
11533
11534
11535
11536
11538
11540
11542
11544
11546
11548
11550
11552
11554
11556
11558
11559
11562
11563
11566
11568
11570
11572
11574
11576
11578
11580
11582
11584
11586
11588
11590
11591
11593
11595
11597
11599
11601
11603
11605
11607
11609
11611
11613
11615
11617
11619
11621
11625
11627
11629
11631
11633
11635
11637
11639
11641
11643
11645
11647
11649
11651
11653
11655
11657
11659
11683
11685
11687
11688
11689
11690
11691
11692
11693
11694
11695
11696
11697
11698
11699
11700
11701
11702
11703
11704
11705
11706
11707
11708
11709
11712
11713
11715
11717
11719
11723
11725
11728
11729
11731
11733
11735
11737
11739
11741
11744
11745
11748
11749
11750
11751
11752
11753
11754
11951
11953
11955
11957
11959
11961
11963
12242
12246
12252
12256
12260
12261
12264
12266
12268
12270
12272
12274
12276
12278
12281
12283
12285
12287
12289
12291
12293
12295
12297
12299
12301
12303
12305
12307
12309
12311
12313
12315
12317
12319
12321
12323
12325
12326
12333
12338
12339
12345
12347
12349
12351
12353
12355
12359
12361
12364
12366
13018
13020
13022
13024
13026
13028
13030
13032
13034
13036
13038
13040
13042
13044
13046
13048
13050
13052
13054
13056
13058
13060
13062
13064
13066
13068
13070
13072
13074
13076
13078
13080
13082
13084
13086
13088
13090
13092
13344
13346
13348
13352
13354
13356
13358
13360
13362
13364
13366
13368
13370
13372
13374
13376
13378
13630
13632
13634
13636
13638
13640
13642
13644
13645
14006
14008
14010
14242
14244
14246
14248
14250
14252
14254
14256
14258
14260
14262
14264
14532
14534
14536
14538
14540
14542
14544
14546
14548
14550
14552
14660
14662
14663
14664
14666
14668
14670
14672
14674
14678
14680
14681
14682
14683
14684
14685
14686
14687
14688
14689
14690
14691
14693
14695
14697
14699
14701
14755
14756
14757
14758
14759
14760
14761
14762
14763
14764
14765
14766
14767
14768
14769
14770
14771
14772
14773
14774
14775
14776
14777
14778
14829
14830
14831
14832
14833
14834
14835
14836
14837
14838
14839
14840
14841
14842
14843
14845
14846
14847
14848
14849
14850
14851
14852
14974
14976
14980
14982
14984
14986
14988
14991
14992
14994
14996
14999
15000
15006
15008
15010
15012
15014
15016
15018
15020
15024
15026
15028
15030
15032
15034
15036
15262
15264
15320
15322
15326
15327
15329
15331
15333
15335
15337
15339
15341
15343
15345
15347
15349
15351
15353
15355
15357
15359
15361
15363
15365
15367
15369
15371
15373
15375
15377
15379
15382
15383
15385
15387
15389
15391
15393
15395
15397
15399
15401
15403
15405
15407
15409
15411
15413
15415
15417
15419
15421
15423
15425
15427
15429
15431
15433
15435
15437
15439
15441
15443
15445
15447
15449
15451
15453
15455
15457
15459
15461
15463
15465
15467
15469
15471
15473
15475
15477
15479
15481
15483
15485
15487
15489
15491
15493
15495
15497
15499
15501
15503
15505
15507
15509
15511
15513
15515
15517
15519
15523
15525
15527
15529
15531
15533
15535
15537
15539
15541
15543
15545
15547
15549
15551
15553
15555
15557
15712
15714
15716
15718
15720
15722
15724
15726
15728
15730
15732
15734
15736
15738
15740
15742
15744
15746
15748
15806
15808
15810
15812
15814
15816
15818
15820
15822
15824
15826
15828
15830
15832
15834
15836
15838
15840
15842
15895
15897
15899
15901
15904
15905
15907
15909
15911
15913
15916
15917
15919
15921
15923
15925
15927
15929
15931
15984
15986
15988
15990
15992
15994
15996
16000
16002
16004
16007
16009
16013
16017
16021
16023
16025
16027
16029
16031
16033
16035
16037
16039
16041
16043
16045
16047
16049
16051
16053
16055
16057
16059
16061
16063
16065
16067
16071
16073
16074
16076
16078
16080
16082
16084
16087
16091
16093
16095
16097
16100
16103
16105
16107
16109
16111
16113
16115
16117
16119
16121
16123
16125
16127
16129
16131
16133
16135
16137
16139
16141
16143
16145
16147
16149
16151
16153
16155
16157
16159
16161
16163
16165
16167
16169
16171
16172
16174
16176
16178
16180
16182
16184
16186
16188
16190
16281
16285
16289
16293
16297
16301
16303
16307
16311
16315
16319
16321
16323
16327
16331
16335
16339
16341
16343
16345
16347
16349
16351
16355
16359
16363
16365
16367
16371
16373
16375
16377
16378
16380
16435
16437
16439
16441
16443
16445
16449
16453
16461
16463
16467
16471
16475
16577
16581
16585
16587
16591
16595
16597
16601
16605
16609
16611
16613
16617
16619
16623
16625
16629
16631
16633
16635
16637
16641
16643
16645
16647
16649
16651
16655
16657
16659
16661
16665
16669
16673
16675
16681
16693
16695
16697
16699
16701
16703
16705
16707
16709
16711
16713
16715
16717
16719
16721
16723
16727
16731
16735
16739
16741
16743
16745
16747
16751
16755
16759
16763
16767
16771
16775
16779
16781
16787
16791
16795
16799
16803
16805
16807
16809
16813
16817
16821
16823
16825
16827
16829
16833
16837
16841
16843
16845
16847
16849
16851
16855
16857
16861
16863
16865
16869
16871
16873
16877
16879
16881
16883
16885
16887
16889
16891
16893
16895
16897
16899
16901
16903
16905
16907
16909
16913
16917
16921
16975
16980
16984
16988
16992
17000
17004
17008
17010
17016
17018
17022
17026
17030
17032
17034
17036
17038
17040
17042
17044
17050
17052
17054
17056
17058
17060
17161
17163
17169
17171
17175
17179
17183
17185
17186
17190
17194
17196
17200
17204
17208
17212
17214
17218
17219
17223
17227
17229
17231
17233
17237
17241
17245
17249
17253
17257
17259
17261
17263
17265
17269
17271
17273
17275
17279
17283
17284
17288
17292
17296
17298
17300
17302
17304
17308
17312
17314
17316
17318
17320
17322
17324
17328
17330
17332
17338
17342
17346
17350
19520
19524
19526
19528
19530
19531
19533
19535
19537
19539
19541
19543
19545
19547
19548
19550
19552
19553
19555
19557
19561
19565
19566
19570
19572
20091
20093
20095
20097
20099
20101
20103
20105
20107
20109
20111
20113
20115
20117
20119
20121
20123
20126
20385
20387
20389
20391
20393
20395
20397
20399
20401
21006
21008
21010
21012
21014
21016
21018
21020
21022
21326
21328
21330
21334
21336
21339
21341
21343
21345
21347
21349
21353
21355
21357
21359
21363
21365
21367
21371
21373
21375
21377
21379
21381
21383
21385
21387
21389
21393
21394
21395
21397
21399
21401
21405
21409
21413
21417
21421
21423
21425
21433
21435
21437
21439
21441
21445
21447
21449
21453
21455
21459
21460
21462
21464
21466
21468
21470
21474
21478
21482
21486
21488
21492
21494
21498
21502
21506
21510
21514
21518
21522
21527
21529
21531
21533
21535
21536
21537
21541
21545
21549
21551
21553
21557
21559
21561
21563
21565
21567
21568
21572
21573
21577
21581
21583
21585
21587
21589
21793
21795
21799
21800
21802
21806
21810
21814
21818
21820
21822
21824
21826
21828
21830
21834
21836
21838
21840
21844
21845
21847
21851
21853
21854
21856
21857
21859
21863
21867
21871
21873
21874
21876
21878
21882
21884
21888
21890
21894
21898
21902
21906
21910
21914
21916
21917
21919
21921
21923
21925
21927
21929
21933
21937
21941
21942
21943
21945
21949
21951
21953
21955
21957
21961
21962
21964
21968
21969
21973
21974
21975
21976
21980
21982
21984
21988
21992
21996
22000
22004
22005
22007
22009
22013
22017
22022
22025
22029
22031
22033
22035
22039
22043
22047
22051
22052
22056
22058
22060
22062
22064
22068
22072
22073
22082
22084
22088
22090
22094
22096
22098
22100
22104
22105
22106
22110
22112
22113
22114
22115
22117
22119
22123
22127
22129
22133
22137
22139
22141
22145
22147
22149
22151
22155
22161
22162
22166
22170
22175
22178
22180
22182
22185
22186
22187
22190
22192
22194
22198
22200
22204
22205
22208
22209
22212
22619
22620
22621
22624
22627
22629
22631
22633
22635
22637
22749
22751
22753
22755
22757
22759
22761
22763
22765
22767
22769
22771
22773
22775
22777
22779
22781
22783
22785
22787
22789
22791
22793
22795
22797
22799
22801
23371
23392
23394
23396
23398
23400
23402
23404
23406
23408
23414
23699
23703
23707
23709
23710
23717
23718
23725
23729
23731
23733
23737
23741
23745
23746
23751
23753
23757
23761
23763
23765
23769
23771
23773
23777
23781
23783
23787
23792
23796
23806
23810
23811
23815
23819
23823
23827
23828
23833
23837
23841
23847
23849
23853
23857
23859
23863
23867
23871
23875
23879
23884
23887
23891
23893
23897
23901
23905
23909
23913
23915
23921
23925
23929
23931
23935
23937
23941
23945
23949
23953
23957
23959
23963
23967
23969
23973
23975
23979
23983
23987
23991
23993
23997
24001
24005
24009
24010
24013
24015
24017
24021
24022
24025
24029
24031
24032
24035
24036
24039
24041
24045
24049
24053
24055
24061
24065
24069
24073
24075
24079
24083
24084
24087
24091
24095
24099
24103
24105
24109
24113
24117
24119
24121
24125
24127
24131
24135
24137
24139
24146
24149
24153
24154
24158
24161
24165
24169
24173
24177
24181
24185
24189
24194
24196
24198
24200
24204
24208
24210
24214
24216
24218
24222
24226
24230
24234
24236
24240
24242
24246
24250
24254
24256
24260
24264
24268
24272
24276
24280
24282
24286
24288
24292
24296
24300
24304
24308
24312
24314
24316
24320
24324
24325
24332
24336
24340
24344
24348
24351
24354
24355
24360
24362
24364
24368
24369
24372
24374
24378
24382
24386
24388
24392
24396
24400
24402
24404
24408
24412
24416
24420
24424
24428
24432
24436
24440
24448
24450
24455
24459
24463
24465
24469
24471
24477
24478
24479
24483
24487
24491
24495
24497
24499
24501
24503
24505
24507
24509
24513
24515
24517
24519
24521
24523
24525
24527
24529
24530
24531
24535
24537
24541
24543
24547
24551
24552
24555
24559
24563
24567
24571
24573
24577
24581
24583
24587
24591
24595
24597
24598
24601
24603
24605
24607
24609
24610
24613
24615
24617
24619
24621
24623
24625
24627
24628
24629
24633
24634
24637
24638
24641
24642
24645
24647
24649
24651
24653
24655
24657
24659
24660
24661
24665
24666
24667
24671
24673
24675
24676
24679
24680
24683
24685
24687
24688
24691
24693
24694
24695
24699
24701
24703
24705
24707
24709
24711
24713
24715
24717
24719
24721
24723
24725
24727
24728
24731
24733
24735
24737
24739
24741
24742
24745
24747
24749
24751
24753
24755
24757
24759
24760
24763
24765
24766
24769
24771
24773
24774
24777
24779
24780
24783
24785
24787
24789
24791
24793
24795
24797
24798
24801
24803
24805
24807
24809
24811
24813
24815
24817
24819
24821
24823
24825
24826
24828
24829
24831
24832
24833
24834
24836
24850
24854
24858
24859
24863
24865
24866
24873
24877
24881
24885
24887
24891
24895
24896
24903
24905
24909
24911
24917
24921
24925
24929
24930
24933
24937
24941
24943
24947
24951
24955
24956
24963
24968
24972
24976
24978
24980
24984
24986
24990
24994
24998
25000
25004
25006
25010
25014
25015
25016
25020
25022
25024
25026
25028
25033
25036
25038
25040
25044
25048
25052
25056
25058
25062
25064
25068
25069
25072
25074
25075
25077
25078
25081
25082
25083
25087
25089
25091
25095
25099
25103
25107
25111
25115
25119
25121
25125
25129
25133
25137
25139
25143
25147
25151
25153
25157
25159
25163
25165
25166
25168
25169
25170
25171
25175
25179
25181
25182
25185
25187
25191
25195
25199
25203
25207
25209
25211
25215
25219
25220
25227
25231
25233
25237
25241
25242
25249
25253
25257
25261
25265
25269
25273
25274
25275
25278
25282
25284
25288
25289
25293
25297
25298
25301
25303
25307
25311
25315
25319
25321
25325
25327
25331
25335
25339
25343
25347
25348
25349
25353
25355
25357
25359
25363
25365
25369
25373
25377
25379
25381
25385
25389
25393
25394
25397
25401
25405
25407
25411
25413
25415
25419
25420
25427
25429
25433
25437
25441
25445
25447
25448
25449
25453
25455
25459
25460
25467
25471
25475
25479
25483
25484
25486
25488
25492
25494
25498
25502
25506
25507
25514
25518
25522
25524
25528
25532
25534
25536
25542
25544
25545
25550
25552
25556
25560
25564
25568
25572
25576
25580
25588
25590
25594
25602
25603
25606
25610
25614
25618
25620
25622
25624
25626
25628
25630
25632
25634
25636
25638
25640
25642
25644
25645
25648
25650
25652
25654
25656
25658
25660
25662
25664
25666
25667
25668
25669
25670
25671
25678
25680
25682
25684
25686
25688
25690
25692
25693
25696
25698
25700
25702
25704
25706
25708
25710
25713
25714
25716
25718
25720
25721
25724
25725
25728
25729
25732
25733
25736
25738
25740
25742
25744
25746
25748
25749
25750
25751
25752
25757
25758
25762
25764
25768
25772
25776
25778
25782
25786
25790
25792
25796
25800
25804
25808
25812
25815
25819
25823
25827
25831
25835
25839
25843
25844
25845
25849
25853
25857
25861
25863
25869
25873
25875
25879
25883
25887
25891
25894
25898
25900
25904
25908
25912
25916
25920
25924
25928
25932
25936
25940
25944
25948
25950
25954
25958
25962
25966
25970
25974
25976
25982
25986
25988
25990
25992
25996
26000
26002
26004
26008
26012
26016
26018
26022
26024
26026
26030
26035
26037
26038
26039
26049
26053
26055
26059
26061
26063
26067
26071
26075
26077
26081
26086
26090
26094
26098
26102
26106
26110
26114
26118
26122
26126
26130
26134
26138
26142
26144
26146
26150
26152
26153
26154
26158
26162
26164
26168
26172
26176
26178
26180
26182
26186
26188
26192
26196
26200
26204
26208
26212
26216
26220
26224
26226
26230
26234
26238
26242
26244
26248
26252
26254
26258
26260
26262
26266
26270
26271
26278
26279
26286
26290
26294
26296
26300
26302
26304
26306
26310
26314
26316
26320
26324
26326
26330
26331
26334
26338
26342
26346
26350
26354
26356
26358
26362
26366
26370
26372
26376
26377
26380
26381
26384
26388
26390
26392
26396
26398
26403
26405
26407
26408
26411
26412
26419
26423
26425
26427
26431
26435
26439
26440
26447
26451
26455
26459
26463
26464
26465
26475
26479
26483
26487
26489
26493
26495
26499
26500
26503
26507
26508
26511
26515
26519
26521
26523
26527
26529
26533
26535
26539
26543
26547
26549
26553
26557
26561
26563
26569
26571
26575
26581
26585
26587
26589
26591
26594
26595
26598
26599
26602
26603
26606
26607
26611
26615
26616
26618
26622
26623
26626
26628
26632
26636
26638
26639
26640
26641
26646
26650
26654
26658
26660
26661
26664
26666
26667
26668
26669
26670
26671
26672
26673
26674
26675
26676
26677
26678
26682
26683
26684
26688
26692
26696
26700
26704
26705
26708
26712
26716
26720
26724
26728
26730
26732
26736
26740
26744
26748
26752
26753
26757
26761
26765
26769
26770
26774
26778
26779
26781
26784
26786
26788
26797
26799
26803
26805
26807
26809
26811
26813
26814
26817
26818
26821
26825
26829
26833
26834
26838
26840
26844
26845
26849
26853
26857
26861
26865
26867
26871
26872
26873
26874
26875
26876
26877
26878
26879
26880
26881
26885
26889
26893
26897
26901
26905
26909
26913
26915
26917
26921
26925
26929
26933
26937
26941
26945
26947
26949
26950
26951
26952
26953
26954
26955
26956
26957
26985
26986
26989
26993
26997
27001
27005
27006
27013
27017
27021
27025
27029
27033
27037
27038
27039
27049
27052
27053
27057
27059
27063
27065
27067
27069
27070
27073
27077
27081
27082
27089
27091
27093
27097
27099
27101
27105
27106
27109
27111
27113
27117
27121
27122
27125
27126
27129
27130
27131
27136
27140
27142
27143
27152
27154
27155
27156
27160
27162
27163
27164
27165
27166
27167
27168
27169
27170
27171
27172
27206
27208
27210
27212
27214
27216
27218
27222
27226
27230
27234
27238
27240
27241
27248
27252
27256
27260
27264
27265
27268
27269
27270
27274
27278
27279
27280
27284
27288
27292
27296
27298
27302
27303
27304
27305
27306
27307
27308
27309
27310
27311
27312
27313
27314
27315
27316
27319
27321
27323
27325
27327
27329
27331
27333
27335
27337
27339
27341
27343
27345
27349
27351
27353
27355
27357
27359
27361
27363
27365
27367
27369
27371
27385
27387
27389
27391
27393
27395
27397
27399
27402
27403
27406
27407
27408
27411
27465
27467
27469
27471
27473
27475
27477
27480
27482
27483
27485
27486
27489
27491
27493
27495
27499
27501
27503
27504
27505
27509
27511
27514
27515
27518
27519
27521
27523
27524
27527
27529
27531
27533
27535
27536
27539
27541
27542
27545
27547
27549
27550
27553
27555
27557
27559
27561
27564
27566
27568
27570
27574
27575
27586
27590
27591
27592
27596
27598
27599
27601
27603
27604
27608
27612
27616
27620
27624
27625
27626
27627
27630
27631
27632
27640
27644
27646
27647
27651
27655
27659
27661
27662
27663
27673
27677
27681
27685
27687
27691
27695
27696
27699
27703
27705
27706
27715
27717
27719
27723
27724
27728
27730
27731
27732
27735
27737
27739
27740
27741
27745
27746
27749
27754
27755
27757
27761
27762
27764
27768
27772
27776
27780
27784
27786
27787
27794
27798
27802
27806
27810
27814
27817
27821
27822
27823
27833
27835
27836
27840
27841
27842
27852
27853
27857
27858
27859
27860
27861
27862
27863
27864
27865
27869
27871
27873
27875
27877
27881
27885
27889
27893
27897
27899
27900
27903
27904
27909
27913
27915
27917
27921
27925
27929
27933
27934
27935
27945
27949
27953
27957
27961
27963
27968
27972
27976
27978
27982
27986
27990
27992
27993
28002
28003
28010
28013
28014
28016
28018
28019
28023
28027
28029
28031
28032
28035
28039
28040
28043
28045
28049
28053
28054
28061
28062
28063
28064
28065
28066
28067
28068
28069
28070
28071
28072
28073
28074
28077
28078
28085
28089
28091
28095
28096
28099
28103
28107
28111
28115
28119
28123
28127
28131
28135
28139
28141
28145
28149
28153
28157
28159
28163
28167
28171
28173
28179
28181
28187
28189
28191
28195
28199
28201
28203
28205
28206
28207
28211
28213
28215
28216
28219
28221
28223
28225
28227
28228
28231
28232
28233
28237
28238
28241
28242
28245
28247
28249
28251
28253
28255
28256
28259
28263
28267
28269
28271
28275
28279
28281
28283
28287
28291
28292
28295
28297
28301
28305
28307
28311
28315
28319
28320
28327
28329
28330
28339
28341
28343
28345
28347
28349
28351
28353
28354
28357
28359
28361
28363
28367
28369
28370
28371
28372
28373
28374
28375
28376
28377
28378
28379
28380
28381
28382
28383
28384
28385
28386
28405
28407
28409
28411
28413
28414
28415
28419
28420
28421
28425
28426
28429
28431
28433
28435
28439
28441
28443
28445
28447
28449
28451
28453
28455
28457
28459
28461
28465
28466
28473
28477
28479
28485
28489
28491
28492
28495
28499
28503
28505
28507
28511
28513
28517
28521
28525
28529
28533
28537
28541
28545
28549
28553
28557
28561
28563
28567
28571
28573
28577
28581
28585
28587
28588
28589
28593
28594
28595
28599
28601
28603
28607
28609
28611
28613
28614
28617
28618
28621
28623
28625
28627
28631
28635
28637
28639
28641
28643
28645
28647
28649
28651
28653
28655
28657
28659
28661
28663
28665
28667
28669
28671
28673
28675
28677
28679
28681
28683
28685
28687
28689
28691
28693
28695
28697
28701
28703
28705
28709
28713
28717
28721
28725
28727
28729
28732
28737
28739
28741
28742
28749
28751
28753
28754
28757
28758
28761
28762
28765
28766
28769
28770
28773
28774
28777
28778
28781
28782
28785
28786
28789
28790
28793
28794
28801
28803
28807
28809
28815
28819
28823
28824
28825
28826
28831
28833
28835
28837
28838
28843
28845
28849
28853
28857
28861
28865
28866
28873
28877
28881
28885
28889
28893
28895
28899
28901
28905
28909
28913
28917
28921
28923
28926
28930
28934
28938
28942
28944
28946
28950
28952
28954
28958
28960
28962
28966
28967
28968
28969
28970
28971
28972
28973
28974
28975
28976
28977
28978
28979
28980
28981
28982
28983
28984
28985
28986
28987
28988
28992
28996
29004
29006
29008
29012
29016
29018
29020
29022
29024
29026
29028
29030
29032
29034
29036
29040
29044
29048
29052
29054
29062
29063
29064
29065
29070
29072
29074
29076
29078
29080
29082
29084
29086
29088
29090
29092
29094
29095
29096
29097
29102
29104
29105
29106
29107
29112
29114
29116
29117
29118
29119
29123
29124
29125
29129
29131
29133
29136
29138
29140
29142
29144
29145
29147
29149
29151
29153
29155
29157
29159
29161
29163
29165
29167
29169
29171
29173
29175
29177
29179
29181
29183
29185
29187
29188
29191
29193
29195
29197
29198
29200
29202
29203
29206
29208
29210
29212
29216
29220
29226
29230
29234
29240
29246
29248
29250
29254
29256
29258
29260
29262
29264
29266
29268
29270
29272
29274
29276
29278
29280
29282
29284
29286
29288
29290
29292
29294
29296
29298
29300
29302
29304
29306
29308
29310
29312
29314
29316
29318
29320
29322
29324
29326
29328
29330
29332
29334
29336
29338
29340
29342
29344
29346
29348
29350
29352
29354
29356
29358
29360
29362
29364
29366
29368
29370
29372
29374
29376
29378
29380
29382
29384
29386
29388
29390
29392
29394
29396
29398
29400
29402
29404
29406
29408
29410
29412
29414
29416
29418
29420
29422
29424
29426
29428
29430
29432
29434
29436
29438
29440
29442
29444
29446
29448
29450
29452
29454
29456
29458
29460
29462
29464
29466
29468
29470
29472
29474
29476
29478
29480
29482
29484
29486
29488
29490
29492
29494
29496
29498
29500
29502
29504
29506
29508
29510
29512
29514
29516
29518
29520
29522
29524
29526
29528
29530
29532
29534
29536
29538
29540
29542
29544
29546
29548
29550
29552
29553
29556
29557
29558
29562
29563
29566
29568
29569
29570
29571
29572
29573
29574
29575
29576
29577
29578
29579
29580
29581
29582
29583
29584
29585
29586
29587
29588
29589
29590
29591
29592
29593
29594
29595
29596
29597
29598
29599
29600
29601
29602
29603
29604
29605
29606
29607
29608
29609
29610
29614
29615
29616
29620
29621
29622
29626
29627
29634
29635
29638
29639
29640
29644
29648
29652
29653
29654
29655
29656
29658
29660
29662
29664
29666
29668
29670
29672
29674
29676
29678
29682
29686
29690
29694
29698
29702
29706
29710
29714
29716
29718
29719
29720
29724
29725
29726
29727
29728
29729
29730
29731
29732
29733
29734
29735
29736
29738
29740
29742
29744
29746
29748
29750
29752
29754
29756
29757
29758
29768
29772
29776
29780
29784
29788
29792
29796
29800
29802
29804
29806
29808
29810
29812
29816
29818
29819
29820
29824
29826
29828
29830
29831
29834
29835
29839
29841
29843
29845
29847
29849
29851
29853
29855
29857
29859
29861
29862
29863
29867
29869
29870
29873
29875
29877
29879
29881
29883
29885
29887
29889
29891
29893
29894
29897
29899
29901
29903
29905
29907
29909
29911
29913
29915
29917
29919
29921
29923
29925
29927
29929
29931
29933
29935
29937
29939
29941
29943
29945
29947
29949
29951
29952
29955
29957
29959
29961
29963
29965
29967
29969
29971
29973
29975
29977
29979
29981
29983
29985
29987
29989
29991
29993
29996
29998
30000
30002
30004
30006
30008
30010
30012
30014
30015
30018
30020
30022
30023
30025
30027
30030
30032
30036
30038
30039
30042
30044
30045
30046
30050
30051
30052
30056
30057
30058
30068
30069
30072
30073
30074
30078
30079
30080
30084
30086
30087
30090
30091
30094
30095
30096
30100
30101
30102
30106
30108
30109
30112
30113
30116
30117
30118
30119
30120
30126
30127
30128
30132
30134
30136
30138
30140
30142
30144
30146
30147
30150
30152
30154
30155
30158
30160
30162
30163
30164
30168
30170
30171
30174
30175
30176
30180
30181
30182
30186
30188
30190
30192
30194
30195
30196
30197
30198
30204
30205
30207
30209
30211
30213
30215
30217
30219
30222
30223
30225
30227
30229
30231
30233
30235
30237
30239
30241
30243
30245
30247
30249
30251
30253
30255
30256
30257
30258
30259
30260
30261
30262
30271
30272
30273
30274
30275
30276
30277
30278
30286
30287
30288
30289
30290
30291
30292
30293
30302
30303
30304
30305
30306
30307
30308
30309
30318
30319
30320
30321
30322
30323
30324
30325
30326
30327
30328
30340
30341
30342
30343
30344
30345
30346
30347
30356
30357
30358
30359
30360
30361
30362
30363
30372
30373
30374
30375
30380
30383
30385
30387
30389
30391
30393
30395
30401
30403
30405
30409
30413
30417
30419
30422
30424
30425
30426
30427
30436
30437
30444
30446
30448
30450
30458
30460
30464
30466
30468
30470
30472
30474
30475
30476
30480
30482
30484
30485
30488
30489
30492
30494
30495
30496
30500
30501
30504
30506
30508
30510
30512
30514
30516
30518
30520
30522
30524
30526
30533
30552
30553
30554
30555
30556
30557
30558
30559
30560
30561
30572
30573
30576
30577
30578
30582
30583
30584
30585
30586
30587
30588
30589
30598
30600
30602
30604
30606
30608
30609
30612
30614
30616
30618
30620
30622
30624
30626
30627
30630
30632
30634
30636
30638
30640
30642
30644
30645
30648
30650
30652
30653
30654
30658
30660
30661
30664
30666
30668
30670
30671
30674
30675
30676
30680
30682
30684
30686
30687
30692
30694
30696
30697
30700
30701
30703
30705
30707
30709
30710
30711
30712
30717
30718
30722
30729
30731
30735
30737
30738
30739
30740
30747
30748
30749
30750
30751
30752
30753
30754
30763
30765
30767
30769
30771
30772
30774
30776
30777
30778
30779
30780
30786
30787
30788
30790
30797
30799
30801
30802
30805
30807
30809
30811
30812
30813
30818
30820
30822
30824
30826
30828
30830
30831
30834
30836
30837
30838
30839
30841
30845
30846
30847
30848
30850
30851
30852
30853
30857
30859
30861
30863
30868
30870
30872
30873
30874
30875
30876
30877
30878
30879
30885
30887
30889
30891
30894
30895
30896
30897
30899
30901
30903
30905
30906
30907
30908
30910
30911
30912
30913
30914
30915
30916
30917
30919
30920
30921
30924
30926
30928
30932
30934
30936
30938
30939
30940
30941
30942
30943
30944
30952
30954
30955
30956
30960
30962
30964
30965
30967
30969
30971
30973
30975
30977
30979
30981
30983
30985
30987
30989
30990
30991
30992
30993
30999
31001
31002
31003
31004
31005
31006
31007
31014
31015
31018
31021
31023
31024
31027
31029
31031
31033
31035
31036
31039
31041
31042
31043
31046
31048
31050
31052
31053
31054
31064
31065
31068
31069
31071
31073
31075
31076
31078
31080
31081
31082
31088
31091
31093
31095
31099
31101
31103
31105
31107
31109
31111
31115
31117
31119
31121
31123
31125
31127
31129
31131
31133
31135
31137
31138
31141
31143
31144
31146
31148
31150
31151
31152
31153
31158
31162
31164
31165
31168
31170
31172
31174
31176
31178
31180
31182
31184
31186
31188
31190
31191
31193
31195
31197
31199
31202
31204
31206
31209
31213
31215
31217
31219
31224
31226
31228
31230
31231
31234
31236
31238
31240
31242
31244
31246
31248
31250
31251
31254
31255
31258
31260
31262
31264
31266
31268
31269
31271
31273
31275
31276
31278
31284
31286
31287
31290
31291
31294
31297
31299
31301
31305
31306
31308
31310
31312
31314
31316
31317
31318
31319
31324
31326
31328
31330
31331
31334
31335
31336
31337
31338
31344
31346
31348
31350
31352
31354
31356
31358
31360
31362
31364
31366
31368
31370
31372
31374
31376
31378
31380
31382
31384
31386
31388
31390
31392
31394
31396
31398
31400
31402
31404
31406
31408
31410
31412
31414
31416
31418
31420
31421
31424
31426
31428
31430
31432
31434
31435
31436
31437
31442
31443
31446
31447
31448
31449
31450
31456
31458
31460
31462
31464
31466
31467
31470
31472
31474
31476
31478
31480
31482
31484
31485
31488
31662
31664
31666
31668
31670
31672
31674
31676
31678
31680
31682
31684
31685
31686
31690
31692
31694
31696
31698
31700
31702
31704
31706
31707
31710
31712
31714
31716
31718
31719
31722
31724
31725
31728
31730
31732
31734
31736
31738
31740
31742
31744
31746
31748
31750
31752
31754
31756
31758
31760
31762
31764
31768
31769
31771
31773
31775
31777
31779
31781
31783
31785
31787
31788
31790
31793
31795
31797
31799
31801
31803
31805
31807
31809
31811
31813
31815
31817
31819
31821
31823
31825
31827
31829
31831
31833
31835
31837
31839
31841
31843
31845
31847
31849
31851
31853
31855
31857
31859
31861
31863
31867
31869
31871
31873
31874
31877
31879
31880
31882
31884
31886
31888
31890
31892
31894
31896
31900
31902
31904
31906
31908
31911
31913
31915
31917
31919
31921
31923
31925
31927
31929
31930
31933
31935
31937
31939
31941
31943
31945
31947
31949
31951
31953
31955
31957
31959
31961
31963
31965
31967
31969
31971
31973
31975
31977
31979
31981
31983
31985
31987
31989
31991
31993
31995
31997
31999
32001
32002
32005
32007
32009
32011
32013
32015
32017
32019
32020
32021
32022
32027
32028
32029
32030
32035
32037
32039
32041
32043
32045
32046
32049
32051
32053
32054
32057
32059
32061
32063
32065
32067
32069
32071
32073
32075
32076
32078
32080
32082
32084
32085
32088
32090
32092
32093
32095
32097
32099
32101
32103
32105
32107
32109
32111
32112
32115
32117
32119
32121
32123
32125
32127
32129
32131
32133
32135
32137
32138
32140
32142
32144
32146
32148
32150
32152
32154
32156
32158
32160
32162
32164
32166
32168
32170
32172
32174
32176
32178
32180
32182
32184
32186
32187
32192
32194
32196
32198
32200
32202
32204
32206
32208
32210
32212
32214
32216
32218
32220
32221
32222
32223
32224
32230
32232
32234
32236
32238
32240
32242
32244
32246
32248
32250
32252
32254
32256
32259
32262
32264
32266
32267
32270
32272
32274
32276
32278
32279
32282
32284
32286
32288
32290
32292
32294
32296
32298
32300
32302
32304
32306
32308
32310
32312
32313
32316
32317
32320
32321
32324
32326
32328
32329
32332
32333
32334
32338
32340
32342
32344
32346
32348
32349
32352
32354
32356
32358
32360
32362
32364
32366
32368
32370
32372
32374
32376
32378
32380
32382
32384
32386
32388
32390
32392
32394
32396
32398
32400
32402
32404
32406
32408
32410
32412
32414
32416
32418
32420
32422
32424
32426
32428
32430
32432
32434
32436
32438
32440
32442
32444
32446
32448
32450
32452
32454
32456
32458
32460
32462
32464
32466
32468
32470
32472
32474
32476
32478
32480
32482
32484
32486
32488
32490
32492
32494
32496
32497
32500
32501
32504
32506
32508
32510
32512
32514
32516
32518
32520
32522
32524
32526
32528
32530
32532
32534
32536
32538
32540
32542
32544
32546
32548
32550
32552
32554
32556
32558
32560
32562
32564
32566
32568
32570
32572
32574
32576
32578
32580
32582
32584
32586
32588
32590
32592
32594
32596
32598
32600
32602
32604
32606
32608
32610
32611
32614
32616
32618
32619
32622
32624
32626
32628
32630
32632
32634
32636
32638
32640
32642
32644
32646
32648
32650
32652
32654
32656
32658
32660
32661
32663
32665
32666
32669
32671
32673
32675
32677
32678
32681
32683
32685
32687
32689
32691
32693
32694
32697
32699
32701
32703
32705
32706
32708
32709
32712
32714
32716
32718
32720
32722
32724
32726
32727
32730
32732
32734
32736
32738
32739
32741
32743
32745
32747
32749
32751
32753
32755
32757
32759
32761
32763
32765
32767
32769
32771
32773
32775
32777
32778
32780
32782
32784
32786
32788
32790
32792
32794
32796
32798
32800
32802
32804
32806
32808
32810
32812
32814
32816
32818
32820
32822
32824
32826
32828
32830
32832
32834
32836
32838
32840
32841
32842
32843
32844
32845
32846
32847
32848
32850
32852
32854
32855
32858
32860
32862
32864
32866
32868
32869
32872
32874
32876
32877
32878
32879
32880
32886
32888
32890
32892
32894
32896
32898
32900
32902
32904
32906
32908
32910
32911
32914
32916
32918
32920
32922
32923
32926
32928
32929
32930
32934
32935
32938
32940
32942
32944
32945
32946
32950
32951
32954
32956
32957
32960
32961
32964
32966
32967
32970
32971
32974
32976
32978
32980
32982
32983
32986
32987
32990
32992
32994
32996
33000
33002
33004
33006
33008
33010
33012
33014
33016
33018
33020
33022
33023
33026
33028
33030
33032
33034
33036
33038
33040
33042
33044
33046
33048
33050
33052
33054
33056
33060
33062
33064
33065
33068
33070
33072
33074
33076
33078
33080
33082
33084
33092
33093
33094
33098
33100
33102
33104
33105
33112
33114
33116
33118
33120
33122
33124
33126
33128
33130
33131
33132
33133
33134
33135
33136
33137
33138
33139
33150
33900
33902
33904
33906
33908
33910
33912
33914
33915
33916
33920
33921
33924
33926
33928
33930
33931
33934
33935
33936
33946
33948
33949
33950
33954
33956
33957
33958
33962
33963
33964
33965
33968
33970
33972
33974
33976
33978
33980
33981
33984
33986
33988
33990
33992
33994
33996
33998
34000
34002
34004
34006
34008
34010
34012
34015
34017
34019
34021
34022
34025
34027
34029
34031
34033
34035
34037
34039
34041
34043
34045
34047
34049
34050
34053
34055
34056
34059
34061
34063
34065
34067
34069
34070
34072
34074
34076
34078
34080
34082
34084
34086
34088
34090
34092
34094
34098
34100
34102
34104
34105
34108
34110
34112
34114
34116
34118
34120
34121
34123
34125
34127
34129
34131
34133
34135
34137
34139
34141
34143
34145
34147
34149
34151
34153
34155
34157
34159
34161
34163
34165
34167
34169
34171
34173
34175
34177
34179
34181
34183
34185
34186
34189
34193
34195
34197
34199
34201
34203
34205
34207
34209
34211
34221
34223
34225
34227
34229
34231
34233
34235
34237
34239
34241
34242
34244
34246
34247
34248
34252
34254
34256
34258
34259
34262
34263
34264
34268
34270
34272
34274
34276
34278
34279
34280
34284
34286
34288
34290
34292
34294
34296
34298
34300
34302
34304
34306
34308
34310
34312
34317
34319
34320
34323
34325
34327
34329
34331
34333
34335
34337
34341
34343
34344
34345
34349
34351
34353
34355
34357
34359
34361
34363
34365
34367
34369
34371
34373
34375
34377
34379
34381
34383
34385
34387
34389
34391
34393
34395
34397
34399
34401
34403
34405
34407
34409
34411
34413
34415
34417
34419
34421
34423
34425
34427
34429
34431
34433
34435
34437
34439
34441
34443
34447
34449
34451
34455
34457
34459
34461
34463
34465
34467
34469
34471
34473
34475
34477
34479
34480
34483
34484
34486
34488
34489
34492
34494
34496
34498
34500
34501
34504
34506
34508
34510
34511
34514
34516
34518
34519
34521
34523
34525
34527
34529
34531
34533
34535
34537
34539
34540
34543
34545
34547
34549
34551
34553
34555
34557
34558
34559
34560
34565
34567
34569
34571
34573
34575
34577
34579
34581
34583
34585
34587
34589
34591
34593
34595
34597
34599
34601
34603
34605
34607
34609
34611
34613
34615
34617
34619
34621
34623
34625
34627
34629
34631
34633
34635
34637
34639
34641
34643
34647
34649
34651
34653
34655
34657
34659
34661
34663
34665
34667
34669
34671
34673
34675
34677
34679
34681
34683
34685
34687
34689
34691
34693
34695
34697
34699
34701
34703
34705
34707
34709
34711
34713
34715
34717
34719
34721
34723
34725
34727
34729
34731
34733
34735
34737
34739
34741
34743
34745
34747
34749
34753
34755
34757
34759
34761
34763
34765
34767
34769
34771
34773
34775
34777
34779
34781
34782
34784
34786
34788
34790
34792
34794
34796
34798
34799
34801
34803
34805
34807
34809
34812
34814
34816
34818
34819
34822
34824
34826
34828
34830
34832
34834
34836
34838
34840
34841
34844
34846
34848
34850
34851
34854
34856
34858
34860
34862
34864
34866
34868
34870
34872
34874
34876
34878
34880
34882
34884
34886
34888
34890
34892
34894
34896
34898
34900
34902
34904
34906
34908
34910
34912
34914
34916
34918
34920
34922
34925
34927
34929
34931
34933
34935
34937
34939
34941
34943
34945
34946
34949
34951
34953
34957
34959
34961
34963
34965
34967
34969
34971
34973
34974
34975
34976
34981
34983
34985
34987
34989
34991
34993
34995
34997
34999
35001
35003
35005
35006
35009
35011
35013
35015
35016
35019
35021
35023
35025
35027
35029
35031
35033
35035
35037
35039
35041
35043
35045
35047
35049
35051
35053
35055
35057
35059
35060
35061
35062
35067
35069
35071
35073
35075
35077
35078
35081
35083
35084
35087
35088
35089
35093
35095
35097
35099
35101
35103
35105
35107
35109
35111
35112
35115
35117
35119
35121
35123
35125
35127
35129
35131
35133
35135
35137
35139
35141
35143
35145
35147
35149
35151
35153
35155
35157
35159
35161
35163
35165
35167
35169
35171
35173
35175
35177
35179
35181
35183
35184
35187
35189
35191
35193
35195
35197
35199
35201
35203
35205
35207
35209
35211
35213
35217
35219
35221
35223
35225
35227
35229
35231
35233
35235
35237
35239
35241
35242
35245
35247
35249
35251
35252
35255
35256
35259
35260
35263
35264
35267
35269
35271
35273
35275
35277
35279
35281
35283
35285
35287
35289
35291
35293
35295
35297
35299
35301
35303
35304
35307
35309
35311
35313
35315
35317
35319
35321
35323
35325
35327
35329
35331
35333
35335
35337
35339
35341
35343
35345
35347
35348
35349
35353
35355
35357
35359
35361
35363
35364
35367
35369
35371
35373
35375
35377
35379
35381
35383
35385
35387
35389
35391
35393
35395
35397
35399
35401
35402
35405
35407
35409
35411
35413
35415
35417
35419
35421
35423
35425
35428
35429
35431
35433
35434
35437
35439
35441
35443
35445
35447
35449
35451
35453
35455
35457
35459
35461
35463
35465
35467
35469
35471
35473
35475
35477
35479
35481
35483
35485
35487
35489
35491
35493
35495
35497
35499
35501
35503
35505
35507
35509
35511
35513
35517
35519
35521
35523
35525
35527
35529
35531
35533
35535
35537
35539
35541
35543
35545
35547
35549
35553
35555
35557
35559
35561
35565
35567
35569
35571
35573
35575
35577
35579
35583
35585
35587
35589
35591
35593
35594
35597
35598
35600
35603
35605
35607
35609
35611
35613
35615
35617
35619
35620
35621
35625
35626
35629
35631
35633
35635
35637
35639
35641
35643
35645
35647
35649
35651
35653
35655
35657
35659
35661
35663
35665
35667
35669
35671
35673
35675
35677
35679
35681
35683
35685
35687
35689
35691
35693
35695
35697
35699
35701
35703
35705
35707
35709
35711
35713
35715
35717
35719
35721
35723
35725
35727
35729
35731
35733
35735
35737
35739
35741
35743
35745
35747
35749
35751
35753
35755
35757
35759
35761
35763
35765
35767
35769
35771
35773
35774
35775
35779
35781
35783
35785
35787
35789
35791
35793
35795
35797
35798
35801
35803
35804
35807
35809
35811
35813
35815
35817
35819
35821
35823
35825
35827
35829
35831
35833
35835
35837
35838
35839
35840
35841
35847
35848
35851
35853
35855
35857
35859
35861
35863
35865
35867
35869
35871
35873
35875
35877
35879
35881
35883
35884
35887
35889
35891
35893
35895
35897
35899
35901
35903
35905
35907
35909
35911
35913
35915
35917
35919
35921
35923
35925
35927
35929
35931
35933
35935
35937
35939
35941
35943
35945
35947
35949
35951
35953
35955
35957
35959
35961
35963
35965
35967
35968
35971
35973
35975
35977
35979
35981
35982
35985
35986
35989
35990
35993
35995
35997
35999
36001
36003
36005
36006
36009
36011
36013
36015
36017
36019
36021
36023
36025
36027
36029
36031
36033
36035
36037
36039
36041
36043
36045
36047
36049
36051
36053
36055
36057
36059
36061
36063
36065
36067
36069
36071
36073
36075
36077
36079
36081
36083
36085
36087
36089
36091
36093
36095
36097
36099
36101
36103
36105
36107
36109
36111
36113
36115
36117
36119
36121
36123
36125
36127
36129
36131
36133
36135
36137
36139
36141
36143
36145
36147
36149
36151
36153
36155
36157
36159
36161
36163
36165
36167
36169
36171
36173
36175
36177
36179
36181
36183
36185
36187
36189
36191
36193
36195
36197
36199
36200
36203
36205
36207
36209
36210
36213
36214
36217
36219
36221
36223
36225
36227
36229
36231
36233
36235
36237
36239
36241
36243
36245
36247
36249
36251
36253
36255
36257
36259
36261
36263
36265
36267
36268
36271
36273
36274
36275
36279
36280
36283
36285
36287
36289
36291
36293
36295
36297
36299
36301
36303
36305
36306
36309
36311
36313
36315
36317
36319
36321
36323
36325
36327
36329
36330
36333
36335
36337
36339
36340
36341
36342
36343
36344
36345
36346
36347
36348
36349
36350
36351
36352
36353
36354
36355
36356
36357
36358
36359
36360
36361
36362
36363
36364
36365
36366
36367
36368
36369
36370
36371
36372
36373
36374
36375
36376
36377
36378
36379
36380
36381
36382
36383
36384
36385
36386
36387
36388
36389
36390
36391
36392
36393
36394
36395
36396
36397
36398
36399
36400
36401
36402
36403
36404
36405
36406
36407
36408
36409
36410
36411
36412
36413
36414
36415
36416
36417
36418
36419
36420
36421
36422
36423
36424
36425
36426
36427
36428
36429
36430
36431
36432
36433
36434
36435
36436
36437
36438
36439
36440
36441
36442
36443
36444
36445
36446
36447
36448
36449
36450
36451
36452
36453
36454
36455
36456
36457
36458
36459
36460
36461
36462
36463
36464
36465
36466
36467
36468
36469
36470
36471
36472
36473
36474
36475
36477
36478
36479
36480
36481
36482
36483
36484
36485
36486
36487
36488
36489
36490
36491
36492
36493
36494
36495
36496
36497
36498
36499
36500
36501
36502
36503
36504
36505
36506
36507
36508
36509
36510
36511
36512
36513
36514
36515
36516
36517
36518
36519
36520
36521
36524
36525
36526
36527
36528
36529
36530
36531
36532
36534
36535
36536
36537
36538
36539
36540
36541
36542
36543
36544
36545
36546
36547
36548
36549
36550
36551
36552
36553
36554
36555
36556
36557
36558
36559
36560
36561
36562
36563
36564
36565
36566
36567
36568
36569
36570
36571
36572
36573
36574
36575
36576
36577
36578
36579
36581
36582
36583
36584
36585
36586
36587
36589
36590
36591
36592
36593
36594
36595
36596
36597
36598
36599
36600
36601
36602
36603
36604
36605
36606
36607
36608
36609
36610
36611
36612
36613
36614
36615
36616
36617
36618
36619
36620
36621
36622
36623
36624
36625
36626
36627
36628
36629
36630
36631
36632
36633
36634
36635
36636
36637
36638
36639
36640
36641
36642
36643
36644
36645
36646
36647
36648
36649
36650
36651
36652
36653
36654
36655
36656
36657
36658
36659
36660
36661
36662
36663
36664
36665
36666
36667
36668
36669
36670
36671
36672
36673
36674
36675
36676
36677
36678
36679
36680
36681
36682
36683
36684
36685
36686
36687
36688
36689
36690
36691
36692
36693
36694
36695
36696
36697
36698
36699
36700
36701
36702
36703
36704
36705
36706
36707
36708
36709
36710
36711
36712
36713
36714
36715
36716
36717
36718
36719
36720
36721
36722
36723
36724
36725
36726
36727
36728
36729
36730
36731
36732
36733
36734
36735
36736
36737
36738
36739
36740
36741
36742
36743
36744
36745
36746
36747
36748
36749
36750
36751
36752
36753
36754
36755
36756
36758
36759
36760
36761
36762
36763
36764
36765
36766
36767
36768
36769
36770
36771
36772
36773
36774
36775
36776
36777
36778
36779
36780
36781
36782
36783
36784
36785
36786
36787
36788
36789
36790
36791
36792
36793
36794
36795
36796
36797
36798
36799
36800
36801
36802
36803
36806
36807
36808
36809
36810
36811
36812
36813
36814
36815
36816
36817
36818
36819
36820
36821
36822
36823
36824
36825
36826
36827
36828
36829
36830
36831
36832
36833
36834
36835
36836
36837
36838
36839
36840
36841
36842
36843
36844
36845
36846
36847
36848
36849
36850
36851
36852
36853
36854
36855
36856
36857
36858
36859
36860
36861
36862
36863
36864
36865
36866
36867
36868
36869
36870
36871
36872
36873
36874
36875
36876
36877
36878
36879
36880
36881
36882
36883
36884
36885
36886
36887
36888
36889
36890
36891
36892
36893
36894
36895
36896
36897
36898
36899
36900
36901
36902
36903
36904
36905
36906
36907
36908
36909
36910
36911
36912
36913
36914
36915
36916
36917
36918
36919
36920
36921
36922
36923
36924
36925
36926
36927
36928
36929
36930
36931
36932
36933
36934
36935
36936
36937
36938
36939
36940
36941
36942
36943
36944
36945
36946
36947
36948
36949
36950
36951
36952
36953
36954
36955
36956
36957
36958
36959
36960
36961
36962
36963
36964
36965
36966
36967
36968
36969
36970
36971
36972
36973
36974
36975
36976
36977
36978
36979
36980
36981
36982
36983
36984
36985
36986
36987
36988
36989
36990
36991
36992
36993
36994
36995
36996
36997
36998
36999
37000
37001
37002
37003
37004
37005
37006
37007
37008
37009
37010
37011
37012
37013
37014
37015
37016
37017
37018
37019
37020
37021
37022
37023
37024
37025
37026
37027
37028
37029
37030
37031
37032
37033
37034
37035
37036
37037
37038
37039
37040
37041
37042
37043
37044
37045
37046
37047
37048
37049
37050
37051
37052
37053
37054
37055
37056
37057
37058
37059
37060
37061
37062
37063
37064
37065
37066
37067
37068
37069
37070
37071
37072
37073
37074
37075
37076
37077
37078
37079
37080
37081
37082
37083
37084
37085
37086
37087
37088
37089
37090
37091
37092
37093
37094
37095
37096
37097
37098
37099
37100
37101
37102
37103
37104
37105
37106
37107
37108
37109
37110
37111
37112
37113
37114
37115
37116
37117
37118
37119
37120
37121
37122
37123
37124
37125
37126
37127
37128
37129
37130
37131
37132
37133
37134
37135
37136
37137
37138
37139
37140
37141
37142
37143
37144
37145
37146
37147
37148
37149
37150
37151
37152
37153
37154
37155
37156
37157
37158
37159
37160
37161
37162
37163
37164
37165
37166
37167
37168
37169
37170
37171
37172
37173
37174
37175
37176
37177
37178
37179
37180
37181
37182
37183
37184
37185
37186
37187
37188
37189
37190
37191
37192
37193
37194
37195
37196
37197
37199
37200
37201
37202
37203
37204
37205
37207
37209
37212
37213
37215
37216
37217
37218
37219
37220
37221
37222
37223
37224
37225
37226
37227
37228
37229
37230
37231
37232
37233
37234
37236
37237
37238
37240
37241
37242
37243
37244
37245
37246
37247
37248
37249
37250
37251
37252
37253
37254
37255
37256
37257
37258
37259
37260
37261
37262
37263
37264
37265
37266
37267
37268
37269
37270
37271
37272
37273
37274
37275
37276
37277
37278
37279
37280
37281
37282
37283
37284
37285
37286
37287
37288
37289
37290
37291
37292
37293
37294
37295
37296
37297
37298
37299
37300
37301
37302
37303
37304
37305
37306
37307
37308
37309
37310
37311
37312
37313
37314
37315
37316
37317
37318
37319
37320
37321
37322
37323
37324
37325
37326
37327
37328
37329
37330
37331
37332
37333
37334
37335
37336
37337
37338
37339
37340
37341
37342
37343
37344
37345
37346
37347
37348
37349
37350
37351
37352
37353
37354
37355
37356
37357
37358
37359
37360
37361
37362
37363
37364
37365
37366
37367
37368
37369
37370
37371
37372
37373
37374
37375
37376
37377
37378
37379
37380
37381
37382
37383
37384
37385
37386
37387
37388
37389
37390
37391
37392
37393
37394
37395
37396
37397
37398
37399
37400
37401
37402
37403
37404
37405
37406
37407
37408
37409
37410
37411
37412
37413
37414
37415
37416
37417
37418
37419
37420
37421
37422
37423
37424
37425
37426
37427
37428
37429
37430
37431
37432
37433
37434
37435
37436
37437
37438
37439
37440
37441
37442
37443
37444
37445
37446
37447
37448
37449
37450
37451
37452
37453
37454
37455
37456
37457
37458
37459
37460
37461
37462
37463
37464
37465
37466
37469
37470
37471
37472
37473
37474
37475
37476
37477
37478
37479
37480
37481
37482
37483
37484
37485
37486
37487
37488
37489
37490
37491
37492
37493
37494
37495
37496
37497
37498
37499
37500
37501
37502
37503
37504
37505
37506
37507
37508
37509
37510
37511
37512
37513
37514
37515
37516
37517
37518
37519
37520
37521
37522
37523
37524
37525
37526
37527
37528
37529
37530
37531
37532
37533
37534
37535
37536
37537
37538
37539
37540
37541
37542
37543
37544
37545
37546
37547
37548
37549
37550
37551
37552
37553
37554
37555
37556
37557
37558
37559
37560
37561
37562
37563
37564
37565
37566
37567
37568
37569
37570
37571
37572
37573
37574
37575
37576
37577
37578
37579
37580
37581
37582
37583
37584
37585
37586
37587
37588
37589
37590
37591
37592
37593
37594
37595
37596
37597
37598
37599
37600
37601
37602
37603
37604
37605
37606
37607
37608
37609
37610
37611
37612
37613
37614
37615
37616
37617
37618
37619
37620
37621
37622
37623
37624
37625
37626
37627
37628
37629
37630
37631
37632
37633
37634
37635
37636
37637
37638
37639
37640
37641
37642
37644
37645
37646
37647
37648
37649
37650
37651
37652
37653
37654
37655
37656
37657
37658
37659
37660
37661
37662
37663
37664
37665
37666
37667
37668
37669
37670
37671
37672
37673
37674
37675
37676
37677
37678
37679
37680
37681
37682
37683
37684
37685
37686
37687
37688
37689
37690
37691
37693
37694
37695
37696
37697
37698
37699
37700
37701
37702
37703
37704
37705
37706
37707
37708
37709
37710
37711
37712
37713
37714
37715
37716
37717
37718
37719
37720
37721
37722
37723
37724
37725
37726
37727
37728
37729
37730
37731
37732
37733
37734
37735
37736
37737
37738
37739
37740
37741
37742
37743
37744
37745
37746
37747
37748
37749
37750
37751
37752
37753
37754
37755
37756
37757
37758
37759
37760
37761
37762
37763
37764
37765
37766
37767
37768
37769
37770
37771
37772
37773
37774
37775
37776
37777
37778
37779
37780
37781
37782
37783
37784
37785
37786
37787
37788
37789
37790
37791
37792
37793
37794
37795
37796
37797
37798
37799
37800
37801
37802
37803
37804
37805
37806
37807
37808
37809
37810
37811
37812
37813
37814
37815
37816
37817
37818
37819
37820
37821
37822
37823
37824
37825
37826
37827
37828
37829
37830
37831
37832
37833
37834
37835
37836
37837
37838
37839
37840
37841
37842
37843
37844
37845
37846
37847
37848
37849
37850
37851
37852
37853
37854
37855
37856
37857
37858
37859
37860
37861
37862
37863
37864
37865
37866
37867
37868
37869
37870
37871
37872
37873
37874
37875
37876
37878
37879
37880
37881
37882
37883
37884
37885
37886
37887
37888
37889
37890
37891
37892
37893
37894
37895
37896
37897
37898
37899
37900
37901
37902
37903
37904
37905
37906
37907
37908
37909
37910
37911
37912
37913
37914
37915
37916
37917
37918
37919
37920
37921
37922
37923
37924
37925
37926
37927
37928
37929
37930
37931
37932
37933
37934
37935
37936
37937
37938
37939
37940
37941
37942
37943
37944
37945
37946
37947
37948
37949
37950
37951
37952
37953
37954
37955
37956
37957
37958
37959
37960
37961
37962
37963
37964
37965
37966
37967
37968
37969
37970
37971
37972
37973
37974
37975
37976
37977
37978
37979
37980
37981
37982
37983
37984
37985
37986
37987
37988
37989
37990
37991
37992
37993
37994
37995
37996
37997
37998
37999
38000
38001
38002
38003
38004
38005
38006
38007
38008
38009
38010
38011
38012
38013
38014
38015
38016
38017
38018
38019
38020
38021
38022
38023
38024
38025
38026
38027
38029
38030
38031
38032
38033
38034
38035
38036
38037
38038
38039
38040
38041
38042
38043
38044
38045
38046
38047
38048
38049
38050
38051
38052
38053
38054
38055
38056
38057
38058
38059
38060
38061
38062
38063
38064
38065
38066
38067
38068
38069
38070
38071
38072
38073
38074
38075
38076
38077
38078
38079
38080
38081
38082
38083
38084
38085
38086
38087
38088
38089
38090
38091
38092
38093
38094
38095
38096
38097
38098
38099
38100
38101
38102
38103
38104
38105
38106
38107
38108
38109
38110
38111
38112
38113
38114
38115
38116
38117
38118
38119
38120
38121
38122
38123
38124
38125
38126
38127
38128
38129
38130
38131
38132
38133
38134
38135
38136
38137
38138
38139
38140
38141
38142
38143
38144
38145
38146
38147
38148
38149
38150
38151
38152
38153
38154
38155
38156
38157
38158
38159
38160
38161
38162
38163
38164
38165
38166
38167
38168
38169
38170
38171
38172
38173
38174
38175
38176
38177
38178
38179
38180
38181
38182
38183
38184
38185
38186
38187
38188
38189
38190
38191
38192
38193
38194
38195
38196
38197
38198
38199
38200
38201
38202
38203
38204
38205
38206
38207
38208
38209
38210
38211
38212
38213
38214
38215
38216
38217
38218
38219
38220
38221
38222
38223
38224
38225
38226
38227
38228
38229
38230
38231
38233
38234
38235
38236
38237
38238
38239
38240
38241
38242
38243
38244
38245
38246
38247
38248
38249
38250
38251
38252
38253
38254
38255
38256
38257
38258
38259
38261
38262
38263
38264
38265
38266
38267
38268
38269
38270
38271
38272
38273
38274
38275
38276
38277
38278
38279
38280
38281
38282
38283
38284
38286
38287
38288
38289
38290
38291
38292
38293
38294
38295
38296
38297
38298
38299
38300
38301
38302
38303
38304
38305
38306
38307
38308
38309
38310
38311
38312
38313
38314
38315
38316
38317
38318
38319
38320
38321
38322
38323
38324
38325
38326
38327
38328
38329
38330
38331
38332
38333
38334
38335
38336
38337
38338
38339
38340
38341
38342
38343
38344
38345
38346
38347
38348
38349
38350
38351
38352
38353
38354
38355
38356
38357
38358
38359
38360
38361
38362
38363
38364
38365
38366
38367
38368
38369
38370
38371
38372
38373
38374
38375
38376
38377
38378
38379
38380
38381
38382
38383
38384
38385
38386
38387
38388
38389
38390
38391
38392
38393
38394
38395
38396
38397
38398
38399
38400
38401
38402
38403
38404
38405
38406
38407
38408
38409
38410
38411
38412
38413
38414
38415
38416
38417
38418
38419
38420
38421
38422
38423
38424
38425
38426
38427
38428
38429
38430
38431
38432
38433
38436
38438
38439
38440
38441
38442
38443
38444
38445
38446
38448
38449
38450
38451
38452
38453
38454
38455
38456
38457
38458
38459
38460
38461
38462
38464
38465
38466
38467
38468
38469
38470
38471
38472
38473
38474
38475
38476
38477
38478
38479
38480
38481
38482
38483
38484
38485
38486
38487
38488
38489
38490
38491
38492
38493
38494
38495
38496
38497
38498
38499
38500
38501
38502
38503
38504
38505
38506
38507
38508
38509
38510
38511
38512
38513
38514
38515
38516
38517
38518
38521
38522
38523
38524
38525
38526
38527
38528
38529
38530
38531
38532
38533
38534
38535
38536
38537
38538
38539
38540
38541
38542
38543
38544
38545
38546
38547
38548
38549
38550
38551
38552
38553
38554
38555
38556
38557
38558
38559
38560
38561
38562
38563
38564
38565
38566
38567
38568
38569
38570
38571
38572
38573
38574
38575
38577
38578
38579
38580
38581
38582
38583
38584
38585
38586
38587
38588
38589
38590
38591
38592
38593
38594
38595
38596
38597
38598
38599
38600
38601
38602
38603
38604
38605
38606
38607
38608
38609
38610
38611
38612
38613
38614
38615
38616
38617
38618
38619
38620
38621
38622
38623
38624
38625
38626
38627
38628
38629
38630
38631
38632
38633
38634
38635
38636
38639
38640
38641
38642
38643
38644
38645
38646
38647
38648
38649
38650
38651
38652
38653
38654
38655
38656
38657
38658
38660
38664
38665
38666
38667
38668
38669
38670
38671
38672
38673
38674
38675
38676
38678
38679
38680
38681
38682
38683
38684
38685
38686
38687
38688
38689
38690
38691
38692
38693
38694
38695
38696
38697
38699
38700
38701
38702
38703
38704
38705
38706
38707
38708
38709
38710
38711
38712
38713
38714
38715
38716
38717
38718
38719
38720
38721
38722
38723
38724
38725
38726
38727
38728
38729
38730
38731
38732
38733
38734
38735
38736
38737
38738
38739
38740
38741
38742
38743
38744
38745
38746
38747
38748
38749
38750
38751
38752
38753
38754
38755
38756
38757
38758
38759
38760
38761
38762
38763
38764
38765
38766
38767
38768
38769
38770
38771
38772
38773
38774
38775
38776
38777
38778
38779
38780
38781
38782
38783
38784
38785
38786
38787
38788
38789
38790
38791
38792
38793
38794
38795
38796
38797
38798
38799
38800
38801
38802
38803
38804
38805
38806
38807
38808
38809
38810
38811
38812
38813
38814
38815
38817
38818
38819
38820
38821
38822
38823
38824
38825
38826
38827
38828
38829
38830
38831
38832
38833
38834
38835
38836
38837
38838
38839
38840
38841
38842
38843
38844
38846
38847
38848
38849
38850
38851
38852
38853
38854
38855
38856
38857
38858
38859
38860
38861
38862
38863
38865
38866
38867
38868
38869
38870
38871
38872
38873
38874
38875
38876
38877
38878
38879
38880
38881
38882
38883
38884
38886
38887
38888
38889
38890
38891
38892
38895
38896
38897
38898
38899
38900
38901
38902
38903
38904
38905
38906
38907
38908
38909
38910
38911
38912
38913
38914
38915
38916
38917
38918
38919
38920
38921
38922
38923
38924
38925
38926
38927
38928
38929
38930
38931
38932
38933
38934
38935
38936
38937
38938
38939
38940
38941
38942
38943
38944
38945
38946
38947
38948
38949
38950
38951
38953
38956
38959
38961
38962
38963
38964
38965
38966
38967
38968
38969
38970
38971
38972
38973
38974
38975
38976
38977
38978
38979
38980
38981
38982
38983
38984
38985
38986
38987
38989
38990
38991
38992
38993
38994
38995
38996
38997
38998
38999
39000
39001
39002
39003
39004
39005
39006
39007
39008
39009
39010
39011
39012
39013
39016
39017
39018
39019
39020
39021
39022
39023
39024
39025
39026
39027
39028
39029
39030
39031
39032
39033
39034
39035
39036
39037
39038
39039
39040
39041
39042
39043
39044
39045
39046
39047
39049
39050
39051
39052
39053
39054
39055
39056
39057
39058
39059
39060
39061
39062
39063
39064
39065
39066
39067
39068
39069
39070
39071
39072
39073
39074
39075
39076
39077
39078
39079
39081
39082
39083
39084
39085
39086
39087
39088
39089
39090
39091
39092
39093
39094
39097
39098
39099
39100
39101
39102
39103
39105
39106
39107
39108
39109
39110
39111
39112
39113
39114
39115
39116
39117
39118
39119
39121
39122
39123
39124
39125
39126
39127
39128
39129
39130
39131
39132
39133
39134
39136
39138
39140
39141
39142
39143
39144
39145
39146
39147
39148
39149
39150
39151
39152
39153
39154
39155
39156
39157
39158
39159
39160
39162
39163
39164
39165
39166
39167
39168
39169
39170
39172
39173
39174
39175
39176
39177
39178
39179
39180
39181
39182
39183
39184
39185
39186
39187
39188
39189
39190
39191
39192
39193
39194
39196
39197
39198
39199
39200
39201
39202
39203
39204
39205
39206
39207
39208
39209
39210
39211
39212
39213
39214
39215
39216
39217
39218
39219
39220
39221
39222
39223
39224
39225
39226
39227
39228
39229
39230
39231
39232
39233
39234
39235
39236
39237
39238
39239
39240
39243
39244
39245
39247
39248
39249
39250
39251
39252
39253
39254
39255
39256
39257
39258
39259
39260
39261
39262
39263
39264
39265
39266
39267
39268
39269
39272
39273
39274
39275
39276
39277
39278
39279
39280
39281
39282
39283
39284
39285
39286
39287
39288
39289
39290
39291
39292
39293
39294
39295
39296
39297
39298
39299
39300
39301
39302
39303
39304
39305
39306
39307
39308
39309
39310
39311
39312
39313
39314
39315
39316
39317
39318
39319
39320
39321
39322
39323
39324
39325
39326
39327
39328
39329
39330
39331
39332
39333
39334
39335
39336
39337
39338
39339
39340
39341
39342
39343
39344
39345
39346
39347
39348
39349
39350
39351
39352
39353
39354
39355
39356
39357
39358
39359
39360
39361
39362
39363
39364
39365
39366
39367
39368
39369
39370
39371
39372
39373
39374
39375
39376
39377
39378
39379
39380
39381
39382
39383
39384
39385
39386
39387
39388
39389
39390
39391
39392
39393
39395
39396
39397
39398
39399
39400
39401
39402
39403
39404
39405
39406
39407
39408
39410
39411
39412
39413
39414
39415
39416
39417
39418
39419
39420
39421
39422
39423
39424
39425
39426
39427
39428
39429
39430
39431
39432
39433
39434
39435
39436
39437
39438
39439
39440
39441
39442
39443
39444
39445
39446
39447
39448
39449
39450
39451
39452
39453
39454
39455
39457
39458
39459
39460
39461
39462
39463
39464
39465
39466
39467
39468
39469
39470
39471
39472
39474
39475
39476
39477
39478
39479
39480
39481
39482
39483
39484
39485
39486
39487
39488
39489
39490
39491
39492
39493
39494
39495
39496
39497
39498
39501
39503
39504
39505
39506
39507
39508
39509
39510
39511
39512
39513
39514
39515
39516
39517
39518
39519
39520
39521
39522
39523
39524
39525
39526
39527
39530
39531
39532
39533
39534
39535
39536
39537
39538
39539
39540
39541
39542
39543
39544
39545
39546
39547
39548
39549
39550
39551
39552
39555
39556
39557
39558
39560
39562
39563
39564
39565
39566
39567
39568
39569
39570
39571
39572
39573
39574
39575
39577
39578
39579
39580
39581
39582
39583
39584
39586
39587
39588
39589
39590
39591
39592
39593
39594
39595
39596
39597
39598
39599
39600
39601
39602
39603
39604
39605
39606
39607
39608
39609
39610
39611
39613
39614
39615
39616
39617
39618
39620
39621
39622
39623
39624
39626
39627
39628
39629
39630
39631
39632
39633
39634
39635
39636
39637
39638
39639
39640
39641
39642
39644
39645
39646
39647
39648
39649
39650
39651
39652
39653
39654
39655
39656
39657
39659
39661
39663
39664
39665
39666
39667
39668
39669
39670
39671
39672
39673
39675
39677
39678
39679
39680
39681
39682
39683
39684
39685
39686
39687
39688
39689
39690
39691
39692
39693
39694
39695
39696
39697
39698
39699
39700
39701
39702
39703
39704
39705
39706
39707
39708
39709
39710
39711
39712
39713
39714
39715
39716
39717
39718
39719
39720
39721
39722
39723
39724
39725
39726
39727
39728
39729
39730
39731
39732
39733
39734
39735
39736
39737
39738
39739
39740
39741
39743
39747
39753
39755
39759
39762
39766
39767
39768
39769
39770
39771
39772
39773
39775
39776
39777
39778
39779
39780
39781
39782
39785
39786
39787
39788
39789
39791
39792
39793
39794
39795
39796
39797
39798
39799
39801
39802
39803
39805
39806
39807
39808
39809
39810
39811
39812
39813
39814
39815
39816
39817
39818
39819
39820
39821
39822
39823
39824
39825
39826
39827
39828
39829
39830
39831
39832
39833
39834
39835
39836
39837
39838
39839
39840
39841
39842
39843
39844
39845
39846
39847
39848
39849
39850
39851
39852
39853
39854
39855
39856
39857
39858
39861
39862
39863
39864
39865
39866
39867
39868
39869
39870
39871
39872
39873
39874
39875
39876
39877
39879
39880
